ID zasobovano z letiste
1 3001
2 3001
3 3001
4 3001
5 3001
6 3001
7 3001
8 3001
9 3001
10 3001
11 3001
12 3001
13 3001
14 3001
15 3001
16 3001
17 3005
18 3005
19 3005
20 3005
21 3005
22 3005
23 3005
24 3005
25 3005
26 3005
27 3005
28 3005
29 3005
30 3005
31 3005
32 3005
33 3005
34 3005
35 3005
36 3005
37 3005
38 3005
39 3005
40 3005
41 3002
42 3002
43 3002
44 3002
45 3002
46 3002
47 3002
48 3002
49 3002
50 3002
51 3002
52 3002
53 3002
54 3002
55 3002
56 3001
57 3001
58 3001
59 3001
60 3001
61 3001
62 3001
63 3001
64 3001
65 3001
66 3001
67 3001
68 3005
69 3001
70 3001
71 3001
72 3005
73 3005
74 3005
75 3005
76 3005
77 3005
78 3005
79 3005
80 3005
81 3005
82 3005
83 3005
84 3005
85 3005
86 3005
87 3005
88 3005
89 3005
90 3005
91 3005
92 3005
93 3005
94 3005
95 3005
96 3002
97 3002
98 3002
99 3002
100 3002
101 3002
102 3002
103 3002
104 3002
105 3002
106 3002
107 3002
108 3002
109 3002
110 3002
111 3001
112 3001
113 3001
114 3001
115 3001
116 3001
117 3001
118 3001
119 3001
120 3001
121 3001
122 3001
123 3001
124 3001
125 3001
126 3001
127 3005
128 3005
129 3005
130 3005
131 3005
132 3005
133 3005
134 3005
135 3005
136 3005
137 3005
138 3005
139 3005
140 3005
141 3005
142 3005
143 3005
144 3005
145 3005
146 3005
147 3005
148 3005
149 3005
150 3005
151 3002
152 3002
153 3002
154 3002
155 3002
156 3002
157 3002
158 3002
159 3002
160 3002
161 3002
162 3002
163 3002
164 3002
165 3002
166 3001
167 3001
168 3001
169 3001
170 3001
171 3001
172 3001
173 3001
174 3001
175 3001
176 3001
177 3001
178 3001
179 3001
180 3001
181 3001
182 3001
183 3005
184 3005
185 3005
186 3005
187 3005
188 3005
189 3005
190 3005
191 3005
192 3005
193 3005
194 3005
195 3005
196 3005
197 3005
198 3005
199 3005
200 3005
201 3005
202 3005
203 3005
204 3005
205 3005
206 3002
207 3002
208 3002
209 3002
210 3002
211 3002
212 3002
213 3002
214 3002
215 3002
216 3002
217 3002
218 3002
219 3002
220 3002
221 3001
222 3001
223 3001
224 3001
225 3001
226 3001
227 3001
228 3001
229 3001
230 3001
231 3001
232 3001
233 3001
234 3001
235 3001
236 3001
237 3005
238 3005
239 3005
240 3005
241 3005
242 3005
243 3005
244 3005
245 3005
246 3005
247 3005
248 3005
249 3005
250 3005
251 3005
252 3005
253 3005
254 3005
255 3005
256 3005
257 3005
258 3005
259 3005
260 3002
261 3002
262 3002
263 3002
264 3002
265 3002
266 3002
267 3002
268 3002
269 3002
270 3002
271 3002
272 3002
273 3002
274 3002
275 3002
276 3001
277 3001
278 3001
279 3001
280 3001
281 3001
282 3001
283 3001
284 3001
285 3001
286 3001
287 3001
288 3005
289 3001
290 3001
291 3001
292 3005
293 3005
294 3005
295 3005
296 3005
297 3005
298 3005
299 3005
300 3005
301 3005
302 3005
303 3005
304 3005
305 3005
306 3005
307 3005
308 3005
309 3005
310 3005
311 3005
312 3005
313 3005
314 3005
315 3002
316 3002
317 3002
318 3002
319 3002
320 3002
321 3002
322 3002
323 3002
324 3002
325 3002
326 3002
327 3002
328 3002
329 3002
330 3002
331 3001
332 3001
333 3001
334 3001
335 3001
336 3001
337 3001
338 3001
339 3001
340 3001
341 3001
342 3001
343 3001
344 3001
345 3001
346 3001
347 3005
348 3005
349 3005
350 3005
351 3005
352 3005
353 3005
354 3005
355 3005
356 3005
357 3005
358 3005
359 3005
360 3005
361 3005
362 3005
363 3005
364 3005
365 3005
366 3005
367 3005
368 3005
369 3005
370 3002
371 3002
372 3002
373 3002
374 3002
375 3002
376 3002
377 3002
378 3002
379 3002
380 3002
381 3002
382 3002
383 3002
384 3002
385 3002
386 3001
387 3001
388 3001
389 3001
390 3001
391 3001
392 3001
393 3001
394 3001
395 3001
396 3001
397 3001
398 3001
399 3001
400 3001
401 3001
402 3001
403 3005
404 3005
405 3005
406 3005
407 3005
408 3005
409 3005
410 3005
411 3005
412 3005
413 3005
414 3005
415 3005
416 3005
417 3005
418 3005
419 3005
420 3005
421 3005
422 3005
423 3005
424 3005
425 3005
426 3002
427 3002
428 3002
429 3002
430 3002
431 3002
432 3002
433 3002
434 3002
435 3002
436 3002
437 3002
438 3002
439 3002
440 3002
441 3001
442 3001
443 3001
444 3001
445 3001
446 3001
447 3001
448 3001
449 3001
450 3001
451 3001
452 3001
453 3001
454 3001
455 3001
456 3001
457 3005
458 3005
459 3005
460 3005
461 3005
462 3005
463 3005
464 3005
465 3005
466 3005
467 3005
468 3005
469 3005
470 3005
471 3005
472 3005
473 3005
474 3005
475 3005
476 3005
477 3005
478 3005
479 3005
480 3005
481 3002
482 3002
483 3002
484 3002
485 3002
486 3002
487 3002
488 3002
489 3002
490 3002
491 3002
492 3002
493 3002
494 3002
495 3002
496 3001
497 3001
498 3001
499 3001
500 3001
501 3001
502 3001
503 3001
504 3001
505 3001
506 3001
507 3001
508 3001
509 3001
510 3001
511 3001
512 3001
513 3005
514 3005
515 3005
516 3005
517 3005
518 3005
519 3005
520 3005
521 3005
522 3005
523 3005
524 3005
525 3005
526 3005
527 3005
528 3005
529 3005
530 3005
531 3005
532 3005
533 3005
534 3005
535 3002
536 3002
537 3002
538 3002
539 3002
540 3002
541 3002
542 3002
543 3002
544 3002
545 3002
546 3002
547 3002
548 3002
549 3002
550 3002
551 3001
552 3001
553 3001
554 3001
555 3001
556 3001
557 3001
558 3001
559 3001
560 3001
561 3001
562 3001
563 3001
564 3001
565 3001
566 3001
567 3005
568 3005
569 3005
570 3005
571 3005
572 3005
573 3005
574 3005
575 3005
576 3005
577 3005
578 3005
579 3005
580 3005
581 3005
582 3005
583 3005
584 3005
585 3005
586 3005
587 3005
588 3005
589 3005
590 3002
591 3002
592 3002
593 3002
594 3002
595 3002
596 3002
597 3002
598 3002
599 3002
600 3002
601 3002
602 3002
603 3002
604 3002
605 3002
606 3001
607 3001
608 3001
609 3001
610 3001
611 3001
612 3001
613 3001
614 3001
615 3001
616 3001
617 3001
618 3001
619 3001
620 3001
621 3001
622 3005
623 3005
624 3005
625 3005
626 3005
627 3005
628 3005
629 3005
630 3005
631 3005
632 3005
633 3005
634 3005
635 3005
636 3005
637 3005
638 3005
639 3005
640 3005
641 3005
642 3005
643 3005
644 3005
645 3002
646 3002
647 3002
648 3002
649 3002
650 3002
651 3002
652 3002
653 3002
654 3002
655 3002
656 3002
657 3002
658 3002
659 3002
660 3002
661 3001
662 3001
663 3001
664 3001
665 3001
666 3001
667 3001
668 3001
669 3001
670 3001
671 3001
672 3001
673 3001
674 3001
675 3001
676 3001
677 3005
678 3005
679 3005
680 3005
681 3005
682 3005
683 3005
684 3005
685 3005
686 3005
687 3005
688 3005
689 3005
690 3005
691 3005
692 3005
693 3005
694 3005
695 3005
696 3005
697 3005
698 3005
699 3005
700 3005
701 3002
702 3002
703 3002
704 3002
705 3002
706 3002
707 3002
708 3002
709 3002
710 3002
711 3002
712 3002
713 3002
714 3002
715 3002
716 3001
717 3001
718 3001
719 3001
720 3001
721 3001
722 3001
723 3001
724 3001
725 3001
726 3001
727 3001
728 3001
729 3001
730 3001
731 3001
732 3005
733 3005
734 3005
735 3005
736 3005
737 3005
738 3005
739 3005
740 3005
741 3005
742 3005
743 3005
744 3005
745 3005
746 3005
747 3005
748 3005
749 3005
750 3005
751 3005
752 3005
753 3005
754 3005
755 3005
756 3002
757 3002
758 3002
759 3002
760 3002
761 3002
762 3002
763 3002
764 3002
765 3002
766 3002
767 3002
768 3002
769 3002
770 3002
771 3001
772 3001
773 3001
774 3001
775 3001
776 3001
777 3001
778 3001
779 3001
780 3001
781 3001
782 3001
783 3001
784 3001
785 3001
786 3001
787 3005
788 3005
789 3005
790 3005
791 3005
792 3005
793 3005
794 3005
795 3005
796 3005
797 3005
798 3005
799 3005
800 3005
801 3005
802 3005
803 3005
804 3005
805 3005
806 3005
807 3005
808 3005
809 3005
810 3002
811 3002
812 3005
813 3002
814 3002
815 3002
816 3002
817 3002
818 3002
819 3002
820 3002
821 3002
822 3002
823 3002
824 3002
825 3002
826 3001
827 3001
828 3001
829 3001
830 3001
831 3001
832 3001
833 3001
834 3001
835 3001
836 3001
837 3001
838 3001
839 3001
840 3001
841 3001
842 3005
843 3005
844 3005
845 3005
846 3005
847 3005
848 3005
849 3005
850 3005
851 3005
852 3005
853 3005
854 3005
855 3005
856 3005
857 3005
858 3005
859 3005
860 3005
861 3005
862 3005
863 3005
864 3005
865 3005
866 3005
867 3002
868 3002
869 3002
870 3002
871 3002
872 3002
873 3002
874 3002
875 3002
876 3002
877 3002
878 3002
879 3002
880 3002
881 3001
882 3001
883 3001
884 3001
885 3001
886 3001
887 3001
888 3001
889 3001
890 3001
891 3001
892 3001
893 3001
894 3001
895 3001
896 3001
897 3005
898 3005
899 3005
900 3005
901 3005
902 3005
903 3005
904 3005
905 3005
906 3005
907 3005
908 3005
909 3005
910 3005
911 3005
912 3005
913 3005
914 3005
915 3005
916 3005
917 3005
918 3005
919 3005
920 3005
921 3005
922 3002
923 3002
924 3002
925 3002
926 3002
927 3002
928 3002
929 3002
930 3002
931 3002
932 3002
933 3002
934 3002
935 3002
936 3001
937 3001
938 3001
939 3001
940 3001
941 3001
942 3001
943 3001
944 3001
945 3001
946 3001
947 3001
948 3001
949 3001
950 3001
951 3001
952 3005
953 3005
954 3005
955 3005
956 3005
957 3005
958 3005
959 3005
960 3005
961 3005
962 3005
963 3005
964 3005
965 3005
966 3005
967 3005
968 3005
969 3005
970 3005
971 3005
972 3005
973 3005
974 3005
975 3005
976 3002
977 3002
978 3002
979 3002
980 3002
981 3002
982 3002
983 3002
984 3002
985 3002
986 3002
987 3002
988 3002
989 3002
990 3002
991 3001
992 3001
993 3001
994 3001
995 3001
996 3001
997 3001
998 3001
999 3001
1000 3001
1001 3001
1002 3001
1003 3001
1004 3001
1005 3001
1006 3001
1007 3005
1008 3005
1009 3005
1010 3005
1011 3005
1012 3005
1013 3005
1014 3005
1015 3005
1016 3005
1017 3005
1018 3005
1019 3005
1020 3005
1021 3005
1022 3005
1023 3005
1024 3005
1025 3005
1026 3005
1027 3005
1028 3005
1029 3005
1030 3005
1031 3002
1032 3002
1033 3002
1034 3002
1035 3002
1036 3002
1037 3002
1038 3002
1039 3002
1040 3002
1041 3002
1042 3002
1043 3002
1044 3002
1045 3002
1046 3001
1047 3001
1048 3001
1049 3001
1050 3001
1051 3001
1052 3001
1053 3001
1054 3001
1055 3001
1056 3001
1057 3001
1058 3001
1059 3001
1060 3001
1061 3001
1062 3005
1063 3005
1064 3005
1065 3005
1066 3005
1067 3005
1068 3005
1069 3005
1070 3005
1071 3005
1072 3005
1073 3005
1074 3005
1075 3005
1076 3005
1077 3005
1078 3005
1079 3005
1080 3005
1081 3005
1082 3005
1083 3005
1084 3005
1085 3005
1086 3002
1087 3005
1088 3002
1089 3002
1090 3002
1091 3002
1092 3002
1093 3002
1094 3002
1095 3002
1096 3002
1097 3002
1098 3002
1099 3002
1100 3002
1101 3001
1102 3001
1103 3001
1104 3001
1105 3001
1106 3001
1107 3001
1108 3001
1109 3001
1110 3001
1111 3001
1112 3001
1113 3001
1114 3001
1115 3001
1116 3001
1117 3005
1118 3005
1119 3005
1120 3005
1121 3005
1122 3005
1123 3005
1124 3005
1125 3005
1126 3005
1127 3005
1128 3005
1129 3005
1130 3005
1131 3005
1132 3005
1133 3005
1134 3005
1135 3005
1136 3005
1137 3005
1138 3005
1139 3005
1140 3002
1141 3002
1142 3002
1143 3002
1144 3002
1145 3002
1146 3002
1147 3002
1148 3002
1149 3002
1150 3002
1151 3002
1152 3002
1153 3002
1154 3002
1155 3002
1156 3001
1157 3001
1158 3001
1159 3001
1160 3001
1161 3001
1162 3001
1163 3001
1164 3001
1165 3001
1166 3001
1167 3001
1168 3001
1169 3001
1170 3001
1171 3001
1172 3001
1173 3005
1174 3005
1175 3005
1176 3005
1177 3005
1178 3005
1179 3005
1180 3005
1181 3005
1182 3005
1183 3005
1184 3005
1185 3005
1186 3005
1187 3005
1188 3005
1189 3005
1190 3005
1191 3005
1192 3005
1193 3005
1194 3005
1195 3005
1196 3002
1197 3002
1198 3005
1199 3002
1200 3002
1201 3002
1202 3002
1203 3002
1204 3002
1205 3002
1206 3002
1207 3002
1208 3002
1209 3002
1210 3002
1211 3001
1212 3001
1213 3001
1214 3001
1215 3001
1216 3001
1217 3001
1218 3001
1219 3001
1220 3001
1221 3001
1222 3001
1223 3001
1224 3001
1225 3001
1226 3001
1227 3001
1228 3005
1229 3005
1230 3005
1231 3001
1232 3005
1233 3005
1234 3005
1235 3005
1236 3005
1237 3005
1238 3005
1239 3005
1240 3005
1241 3005
1242 3005
1243 3005
1244 3005
1245 3005
1246 3005
1247 3005
1248 3005
1249 3005
1250 3005
1251 3002
1252 3002
1253 3002
1254 3002
1255 3002
1256 3002
1257 3002
1258 3002
1259 3002
1260 3002
1261 3002
1262 3002
1263 3002
1264 3002
1265 3002
1266 3001
1267 3001
1268 3001
1269 3001
1270 3001
1271 3001
1272 3001
1273 3001
1274 3001
1275 3001
1276 3001
1277 3001
1278 3001
1279 3001
1280 3001
1281 3001
1282 3005
1283 3005
1284 3005
1285 3005
1286 3005
1287 3005
1288 3005
1289 3005
1290 3005
1291 3005
1292 3005
1293 3005
1294 3005
1295 3005
1296 3005
1297 3005
1298 3005
1299 3005
1300 3005
1301 3005
1302 3005
1303 3005
1304 3005
1305 3002
1306 3002
1307 3002
1308 3002
1309 3002
1310 3002
1311 3002
1312 3002
1313 3002
1314 3002
1315 3002
1316 3002
1317 3002
1318 3002
1319 3002
1320 3002
1321 3001
1322 3001
1323 3001
1324 3001
1325 3001
1326 3001
1327 3001
1328 3001
1329 3001
1330 3001
1331 3001
1332 3001
1333 3001
1334 3001
1335 3001
1336 3001
1337 3005
1338 3005
1339 3005
1340 3005
1341 3005
1342 3005
1343 3005
1344 3005
1345 3005
1346 3005
1347 3005
1348 3005
1349 3005
1350 3005
1351 3005
1352 3005
1353 3005
1354 3005
1355 3005
1356 3005
1357 3005
1358 3005
1359 3005
1360 3002
1361 3002
1362 3002
1363 3002
1364 3002
1365 3002
1366 3002
1367 3002
1368 3002
1369 3002
1370 3002
1371 3002
1372 3002
1373 3002
1374 3002
1375 3002
1376 3001
1377 3001
1378 3001
1379 3001
1380 3001
1381 3001
1382 3001
1383 3001
1384 3001
1385 3001
1386 3001
1387 3001
1388 3001
1389 3001
1390 3001
1391 3001
1392 3005
1393 3005
1394 3005
1395 3005
1396 3005
1397 3005
1398 3005
1399 3005
1400 3005
1401 3005
1402 3005
1403 3005
1404 3005
1405 3005
1406 3005
1407 3005
1408 3005
1409 3005
1410 3005
1411 3005
1412 3005
1413 3005
1414 3005
1415 3002
1416 3002
1417 3002
1418 3002
1419 3002
1420 3002
1421 3002
1422 3002
1423 3002
1424 3002
1425 3002
1426 3002
1427 3002
1428 3002
1429 3002
1430 3002
1431 3001
1432 3001
1433 3001
1434 3001
1435 3001
1436 3001
1437 3001
1438 3001
1439 3001
1440 3001
1441 3001
1442 3001
1443 3001
1444 3001
1445 3001
1446 3001
1447 3005
1448 3005
1449 3005
1450 3005
1451 3005
1452 3005
1453 3005
1454 3005
1455 3005
1456 3005
1457 3005
1458 3005
1459 3005
1460 3005
1461 3005
1462 3005
1463 3005
1464 3005
1465 3005
1466 3005
1467 3005
1468 3005
1469 3005
1470 3002
1471 3002
1472 3002
1473 3005
1474 3002
1475 3002
1476 3002
1477 3002
1478 3002
1479 3002
1480 3002
1481 3002
1482 3002
1483 3002
1484 3002
1485 3002
1486 3001
1487 3001
1488 3001
1489 3001
1490 3001
1491 3001
1492 3001
1493 3001
1494 3001
1495 3001
1496 3001
1497 3001
1498 3001
1499 3001
1500 3001
1501 3001
1502 3005
1503 3005
1504 3005
1505 3005
1506 3005
1507 3005
1508 3005
1509 3005
1510 3005
1511 3005
1512 3005
1513 3005
1514 3005
1515 3005
1516 3005
1517 3005
1518 3005
1519 3005
1520 3005
1521 3005
1522 3005
1523 3005
1524 3005
1525 3002
1526 3002
1527 3002
1528 3002
1529 3002
1530 3002
1531 3002
1532 3002
1533 3002
1534 3002
1535 3002
1536 3002
1537 3002
1538 3002
1539 3002
1540 3002
1541 3004
1542 3004
1543 3004
1544 3004
1545 3004
1546 3004
1547 3004
1548 3004
1549 3004
1550 3004
1551 3004
1552 3004
1553 3004
1554 3004
1555 3004
1556 3004
1557 3001
1558 3001
1559 3005
1560 3005
1561 3005
1562 3005
1563 3005
1564 3005
1565 3005
1566 3005
1567 3005
1568 3005
1569 3005
1570 3005
1571 3005
1572 3005
1573 3005
1574 3005
1575 3005
1576 3005
1577 3005
1578 3003
1579 3003
1580 3003
1581 3003
1582 3003
1583 3003
1584 3003
1585 3003
1586 3003
1587 3003
1588 3003
1589 3003
1590 3003
1591 3003
1592 3003
1593 3003
1594 3003
1595 3003
1596 3004
1597 3004
1598 3004
1599 3004
1600 3004
1601 3004
1602 3004
1603 3004
1604 3004
1605 3004
1606 3004
1607 3004
1608 3004
1609 3004
1610 3004
1611 3004
1612 3004
1613 3004
1614 3004
1615 3004
1616 3005
1617 3005
1618 3005
1619 3005
1620 3005
1621 3005
1622 3005
1623 3005
1624 3005
1625 3005
1626 3005
1627 3005
1628 3005
1629 3005
1630 3005
1631 3005
1632 3003
1633 3003
1634 3003
1635 3003
1636 3003
1637 3003
1638 3003
1639 3003
1640 3003
1641 3003
1642 3003
1643 3003
1644 3003
1645 3003
1646 3003
1647 3003
1648 3003
1649 3003
1650 3003
1651 3004
1652 3004
1653 3004
1654 3004
1655 3004
1656 3004
1657 3004
1658 3004
1659 3004
1660 3004
1661 3004
1662 3004
1663 3004
1664 3004
1665 3004
1666 3004
1667 3004
1668 3004
1669 3004
1670 3004
1671 3004
1672 3004
1673 3005
1674 3005
1675 3005
1676 3005
1677 3005
1678 3005
1679 3005
1680 3005
1681 3005
1682 3005
1683 3005
1684 3003
1685 3003
1686 3003
1687 3003
1688 3003
1689 3003
1690 3003
1691 3003
1692 3003
1693 3003
1694 3003
1695 3003
1696 3003
1697 3003
1698 3003
1699 3003
1700 3003
1701 3003
1702 3003
1703 3003
1704 3003
1705 3003
1706 3004
1707 3004
1708 3004
1709 3004
1710 3004
1711 3004
1712 3004
1713 3004
1714 3004
1715 3004
1716 3004
1717 3004
1718 3004
1719 3004
1720 3004
1721 3004
1722 3004
1723 3004
1724 3004
1725 3004
1726 3004
1727 3004
1728 3004
1729 3005
1730 3005
1731 3005
1732 3005
1733 3005
1734 3005
1735 3005
1736 3005
1737 3005
1738 3003
1739 3003
1740 3003
1741 3003
1742 3003
1743 3003
1744 3003
1745 3003
1746 3003
1747 3003
1748 3003
1749 3003
1750 3003
1751 3003
1752 3003
1753 3003
1754 3003
1755 3003
1756 3003
1757 3003
1758 3003
1759 3003
1760 3003
1761 3004
1762 3004
1763 3004
1764 3004
1765 3004
1766 3004
1767 3004
1768 3004
1769 3004
1770 3004
1771 3004
1772 3004
1773 3004
1774 3004
1775 3004
1776 3004
1777 3004
1778 3004
1779 3004
1780 3004
1781 3004
1782 3004
1783 3004
1784 3004
1785 3004
1786 3004
1787 3005
1788 3005
1789 3005
1790 3005
1791 3003
1792 3003
1793 3003
1794 3003
1795 3003
1796 3003
1797 3003
1798 3003
1799 3003
1800 3003
1801 3003
1802 3003
1803 3003
1804 3003
1805 3003
1806 3003
1807 3003
1808 3003
1809 3003
1810 3003
1811 3003
1812 3003
1813 3003
1814 3003
1815 3003
1816 3004
1817 3004
1818 3004
1819 3004
1820 3004
1821 3004
1822 3004
1823 3004
1824 3004
1825 3004
1826 3004
1827 3004
1828 3004
1829 3004
1830 3004
1831 3004
1832 3004
1833 3004
1834 3004
1835 3004
1836 3004
1837 3004
1838 3004
1839 3004
1840 3004
1841 3004
1842 3004
1843 3004
1844 3005
1845 3003
1846 3003
1847 3003
1848 3003
1849 3003
1850 3003
1851 3003
1852 3003
1853 3003
1854 3003
1855 3003
1856 3003
1857 3003
1858 3003
1859 3003
1860 3003
1861 3003
1862 3003
1863 3003
1864 3003
1865 3003
1866 3003
1867 3003
1868 3003
1869 3003
1870 3003
1871 3004
1872 3004
1873 3004
1874 3004
1875 3004
1876 3004
1877 3004
1878 3004
1879 3004
1880 3004
1881 3004
1882 3004
1883 3004
1884 3004
1885 3004
1886 3004
1887 3004
1888 3004
1889 3004
1890 3004
1891 3004
1892 3004
1893 3004
1894 3004
1895 3004
1896 3004
1897 3004
1898 3004
1899 3003
1900 3003
1901 3003
1902 3003
1903 3003
1904 3003
1905 3003
1906 3003
1907 3003
1908 3003
1909 3003
1910 3003
1911 3003
1912 3003
1913 3003
1914 3003
1915 3003
1916 3003
1917 3003
1918 3003
1919 3003
1920 3003
1921 3003
1922 3003
1923 3003
1924 3003
1925 3003
1926 3004
1927 3004
1928 3004
1929 3004
1930 3004
1931 3004
1932 3004
1933 3004
1934 3004
1935 3004
1936 3004
1937 3004
1938 3004
1939 3004
1940 3004
1941 3004
1942 3004
1943 3004
1944 3004
1945 3004
1946 3004
1947 3004
1948 3004
1949 3004
1950 3004
1951 3004
1952 3004
1953 3004
1954 3003
1955 3003
1956 3003
1957 3003
1958 3003
1959 3003
1960 3003
1961 3003
1962 3003
1963 3003
1964 3003
1965 3003
1966 3003
1967 3003
1968 3003
1969 3003
1970 3003
1971 3003
1972 3003
1973 3003
1974 3003
1975 3003
1976 3003
1977 3003
1978 3003
1979 3003
1980 3003
1981 3004
1982 3004
1983 3004
1984 3004
1985 3004
1986 3004
1987 3004
1988 3004
1989 3004
1990 3004
1991 3004
1992 3004
1993 3004
1994 3004
1995 3004
1996 3004
1997 3004
1998 3004
1999 3004
2000 3004
2001 3004
2002 3004
2003 3004
2004 3004
2005 3004
2006 3004
2007 3004
2008 3004
2009 3003
2010 3003
2011 3003
2012 3003
2013 3003
2014 3003
2015 3003
2016 3003
2017 3003
2018 3003
2019 3003
2020 3003
2021 3003
2022 3003
2023 3003
2024 3003
2025 3003
2026 3003
2027 3003
2028 3003
2029 3003
2030 3003
2031 3003
2032 3003
2033 3003
2034 3003
2035 3003
2036 3004
2037 3004
2038 3004
2039 3004
2040 3004
2041 3004
2042 3004
2043 3004
2044 3004
2045 3004
2046 3004
2047 3004
2048 3004
2049 3004
2050 3004
2051 3004
2052 3004
2053 3004
2054 3004
2055 3004
2056 3004
2057 3004
2058 3004
2059 3004
2060 3004
2061 3004
2062 3004
2063 3004
2064 3003
2065 3003
2066 3003
2067 3003
2068 3003
2069 3003
2070 3003
2071 3003
2072 3003
2073 3003
2074 3003
2075 3003
2076 3003
2077 3003
2078 3003
2079 3003
2080 3003
2081 3003
2082 3003
2083 3003
2084 3003
2085 3003
2086 3003
2087 3003
2088 3003
2089 3003
2090 3003
2091 3004
2092 3004
2093 3004
2094 3004
2095 3004
2096 3004
2097 3004
2098 3004
2099 3004
2100 3004
2101 3004
2102 3004
2103 3004
2104 3004
2105 3004
2106 3004
2107 3004
2108 3004
2109 3004
2110 3004
2111 3004
2112 3004
2113 3004
2114 3004
2115 3004
2116 3004
2117 3004
2118 3004
2119 3003
2120 3003
2121 3003
2122 3003
2123 3003
2124 3003
2125 3003
2126 3003
2127 3003
2128 3003
2129 3003
2130 3003
2131 3003
2132 3003
2133 3003
2134 3003
2135 3003
2136 3003
2137 3003
2138 3003
2139 3003
2140 3003
2141 3003
2142 3003
2143 3003
2144 3003
2145 3003
2146 3004
2147 3004
2148 3004
2149 3004
2150 3004
2151 3004
2152 3004
2153 3004
2154 3004
2155 3004
2156 3004
2157 3004
2158 3004
2159 3004
2160 3004
2161 3004
2162 3004
2163 3004
2164 3004
2165 3004
2166 3004
2167 3004
2168 3004
2169 3004
2170 3004
2171 3004
2172 3004
2173 3004
2174 3003
2175 3003
2176 3003
2177 3003
2178 3003
2179 3003
2180 3003
2181 3003
2182 3003
2183 3003
2184 3003
2185 3003
2186 3003
2187 3003
2188 3003
2189 3003
2190 3003
2191 3003
2192 3003
2193 3003
2194 3003
2195 3003
2196 3003
2197 3003
2198 3003
2199 3003
2200 3003
2201 3004
2202 3004
2203 3004
2204 3004
2205 3004
2206 3004
2207 3004
2208 3004
2209 3004
2210 3004
2211 3004
2212 3004
2213 3004
2214 3004
2215 3004
2216 3004
2217 3004
2218 3004
2219 3004
2220 3004
2221 3004
2222 3004
2223 3004
2224 3004
2225 3004
2226 3004
2227 3004
2228 3004
2229 3003
2230 3003
2231 3003
2232 3003
2233 3003
2234 3003
2235 3003
2236 3003
2237 3003
2238 3003
2239 3003
2240 3003
2241 3003
2242 3003
2243 3003
2244 3003
2245 3003
2246 3003
2247 3003
2248 3003
2249 3003
2250 3003
2251 3003
2252 3003
2253 3003
2254 3003
2255 3003
2256 3004
2257 3004
2258 3004
2259 3004
2260 3004
2261 3004
2262 3004
2263 3004
2264 3004
2265 3004
2266 3004
2267 3004
2268 3004
2269 3004
2270 3004
2271 3004
2272 3004
2273 3004
2274 3004
2275 3004
2276 3004
2277 3004
2278 3004
2279 3004
2280 3004
2281 3004
2282 3004
2283 3004
2284 3003
2285 3003
2286 3003
2287 3003
2288 3003
2289 3003
2290 3003
2291 3003
2292 3003
2293 3003
2294 3003
2295 3003
2296 3003
2297 3003
2298 3003
2299 3003
2300 3003
2301 3003
2302 3003
2303 3003
2304 3003
2305 3003
2306 3003
2307 3003
2308 3003
2309 3003
2310 3003
2311 3004
2312 3004
2313 3004
2314 3004
2315 3004
2316 3004
2317 3004
2318 3004
2319 3004
2320 3004
2321 3004
2322 3004
2323 3004
2324 3004
2325 3004
2326 3004
2327 3004
2328 3004
2329 3004
2330 3004
2331 3004
2332 3004
2333 3004
2334 3004
2335 3004
2336 3004
2337 3004
2338 3004
2339 3003
2340 3003
2341 3003
2342 3003
2343 3003
2344 3003
2345 3003
2346 3003
2347 3003
2348 3003
2349 3003
2350 3003
2351 3003
2352 3003
2353 3003
2354 3003
2355 3003
2356 3003
2357 3003
2358 3003
2359 3003
2360 3003
2361 3003
2362 3003
2363 3003
2364 3003
2365 3003
2366 3004
2367 3004
2368 3004
2369 3004
2370 3004
2371 3004
2372 3004
2373 3004
2374 3004
2375 3004
2376 3004
2377 3004
2378 3004
2379 3004
2380 3004
2381 3004
2382 3004
2383 3004
2384 3004
2385 3004
2386 3004
2387 3004
2388 3004
2389 3004
2390 3004
2391 3004
2392 3004
2393 3004
2394 3003
2395 3003
2396 3003
2397 3003
2398 3003
2399 3003
2400 3003
2401 3003
2402 3003
2403 3003
2404 3003
2405 3003
2406 3003
2407 3003
2408 3003
2409 3003
2410 3003
2411 3003
2412 3003
2413 3003
2414 3003
2415 3003
2416 3003
2417 3003
2418 3003
2419 3003
2420 3003
2421 3004
2422 3004
2423 3004
2424 3004
2425 3004
2426 3004
2427 3004
2428 3004
2429 3004
2430 3004
2431 3004
2432 3004
2433 3004
2434 3004
2435 3004
2436 3004
2437 3004
2438 3004
2439 3004
2440 3004
2441 3004
2442 3004
2443 3004
2444 3004
2445 3004
2446 3004
2447 3004
2448 3004
2449 3003
2450 3003
2451 3003
2452 3003
2453 3003
2454 3003
2455 3003
2456 3003
2457 3003
2458 3003
2459 3003
2460 3003
2461 3003
2462 3003
2463 3003
2464 3003
2465 3003
2466 3003
2467 3003
2468 3003
2469 3003
2470 3003
2471 3003
2472 3003
2473 3003
2474 3003
2475 3003
2476 3004
2477 3004
2478 3004
2479 3004
2480 3004
2481 3004
2482 3004
2483 3004
2484 3004
2485 3004
2486 3004
2487 3004
2488 3004
2489 3004
2490 3004
2491 3004
2492 3004
2493 3004
2494 3004
2495 3004
2496 3004
2497 3004
2498 3004
2499 3004
2500 3004
2501 3004
2502 3004
2503 3004
2504 3003
2505 3003
2506 3003
2507 3003
2508 3003
2509 3003
2510 3003
2511 3003
2512 3003
2513 3003
2514 3003
2515 3003
2516 3003
2517 3003
2518 3003
2519 3003
2520 3003
2521 3003
2522 3003
2523 3003
2524 3003
2525 3003
2526 3003
2527 3003
2528 3003
2529 3003
2530 3003
2531 3004
2532 3004
2533 3004
2534 3004
2535 3004
2536 3004
2537 3004
2538 3004
2539 3004
2540 3004
2541 3004
2542 3004
2543 3004
2544 3004
2545 3004
2546 3004
2547 3004
2548 3004
2549 3004
2550 3004
2551 3004
2552 3003
2553 3004
2554 3004
2555 3004
2556 3004
2557 3004
2558 3004
2559 3003
2560 3003
2561 3003
2562 3003
2563 3003
2564 3003
2565 3003
2566 3003
2567 3003
2568 3003
2569 3003
2570 3003
2571 3003
2572 3003
2573 3003
2574 3003
2575 3003
2576 3003
2577 3003
2578 3003
2579 3003
2580 3003
2581 3003
2582 3003
2583 3003
2584 3003
2585 3003
2586 3004
2587 3004
2588 3004
2589 3004
2590 3004
2591 3004
2592 3004
2593 3004
2594 3004
2595 3004
2596 3004
2597 3004
2598 3004
2599 3004
2600 3004
2601 3004
2602 3004
2603 3004
2604 3004
2605 3004
2606 3004
2607 3004
2608 3004
2609 3004
2610 3004
2611 3004
2612 3004
2613 3004
2614 3003
2615 3003
2616 3003
2617 3003
2618 3003
2619 3003
2620 3003
2621 3003
2622 3003
2623 3003
2624 3003
2625 3003
2626 3003
2627 3003
2628 3003
2629 3003
2630 3003
2631 3003
2632 3003
2633 3003
2634 3003
2635 3003
2636 3003
2637 3003
2638 3003
2639 3003
2640 3003
2641 3004
2642 3004
2643 3004
2644 3004
2645 3004
2646 3004
2647 3004
2648 3004
2649 3004
2650 3004
2651 3004
2652 3004
2653 3004
2654 3004
2655 3004
2656 3004
2657 3004
2658 3004
2659 3004
2660 3004
2661 3004
2662 3004
2663 3004
2664 3004
2665 3004
2666 3004
2667 3003
2668 3004
2669 3003
2670 3003
2671 3003
2672 3003
2673 3003
2674 3003
2675 3003
2676 3003
2677 3003
2678 3003
2679 3003
2680 3003
2681 3003
2682 3003
2683 3003
2684 3003
2685 3003
2686 3003
2687 3003
2688 3003
2689 3003
2690 3003
2691 3003
2692 3003
2693 3003
2694 3003
2695 3003
2696 3004
2697 3004
2698 3004
2699 3004
2700 3004
2701 3004
2702 3004
2703 3004
2704 3004
2705 3004
2706 3004
2707 3004
2708 3004
2709 3004
2710 3004
2711 3004
2712 3004
2713 3004
2714 3004
2715 3004
2716 3004
2717 3004
2718 3004
2719 3004
2720 3004
2721 3004
2722 3004
2723 3004
2724 3003
2725 3003
2726 3003
2727 3003
2728 3003
2729 3003
2730 3003
2731 3003
2732 3003
2733 3003
2734 3003
2735 3003
2736 3003
2737 3003
2738 3003
2739 3003
2740 3003
2741 3003
2742 3003
2743 3003
2744 3003
2745 3003
2746 3003
2747 3003
2748 3003
2749 3003
2750 3003
2751 3004
2752 3004
2753 3004
2754 3004
2755 3004
2756 3004
2757 3004
2758 3004
2759 3004
2760 3004
2761 3004
2762 3004
2763 3004
2764 3004
2765 3004
2766 3004
2767 3004
2768 3004
2769 3004
2770 3004
2771 3004
2772 3004
2773 3004
2774 3004
2775 3004
2776 3003
2777 3004
2778 3004
2779 3003
2780 3003
2781 3003
2782 3003
2783 3003
2784 3003
2785 3003
2786 3003
2787 3003
2788 3003
2789 3003
2790 3003
2791 3003
2792 3003
2793 3003
2794 3003
2795 3003
2796 3003
2797 3003
2798 3003
2799 3003
2800 3003
2801 3003
2802 3003
2803 3003
2804 3003
2805 3003
2806 3004
2807 3004
2808 3004
2809 3004
2810 3004
2811 3004
2812 3004
2813 3004
2814 3004
2815 3004
2816 3004
2817 3004
2818 3004
2819 3004
2820 3004
2821 3004
2822 3004
2823 3004
2824 3004
2825 3004
2826 3004
2827 3004
2828 3004
2829 3004
2830 3004
2831 3004
2832 3004
2833 3004
2834 3003
2835 3003
2836 3003
2837 3003
2838 3003
2839 3003
2840 3003
2841 3003
2842 3003
2843 3003
2844 3003
2845 3003
2846 3003
2847 3003
2848 3003
2849 3003
2850 3003
2851 3003
2852 3003
2853 3003
2854 3003
2855 3003
2856 3003
2857 3003
2858 3003
2859 3003
2860 3003
2861 3004
2862 3004
2863 3004
2864 3004
2865 3004
2866 3004
2867 3004
2868 3004
2869 3004
2870 3004
2871 3004
2872 3004
2873 3004
2874 3004
2875 3004
2876 3004
2877 3004
2878 3004
2879 3004
2880 3004
2881 3004
2882 3004
2883 3004
2884 3004
2885 3004
2886 3004
2887 3004
2888 3004
2889 3003
2890 3003
2891 3003
2892 3003
2893 3003
2894 3003
2895 3003
2896 3003
2897 3003
2898 3003
2899 3003
2900 3003
2901 3003
2902 3003
2903 3003
2904 3003
2905 3003
2906 3003
2907 3003
2908 3003
2909 3003
2910 3003
2911 3003
2912 3003
2913 3003
2914 3003
2915 3003
2916 3004
2917 3004
2918 3004
2919 3004
2920 3004
2921 3004
2922 3004
2923 3004
2924 3004
2925 3004
2926 3004
2927 3004
2928 3004
2929 3004
2930 3004
2931 3004
2932 3004
2933 3004
2934 3004
2935 3004
2936 3004
2937 3004
2938 3004
2939 3004
2940 3004
2941 3004
2942 3004
2943 3004
2944 3003
2945 3003
2946 3003
2947 3003
2948 3003
2949 3003
2950 3003
2951 3003
2952 3003
2953 3003
2954 3003
2955 3003
2956 3003
2957 3003
2958 3003
2959 3003
2960 3003
2961 3003
2962 3003
2963 3003
2964 3003
2965 3003
2966 3003
2967 3003
2968 3003
2969 3003
2970 3003
2971 3004
2972 3004
2973 3004
2974 3004
2975 3004
2976 3004
2977 3004
2978 3004
2979 3004
2980 3004
2981 3004
2982 3004
2983 3004
2984 3004
2985 3004
2986 3004
2987 3004
2988 3004
2989 3004
2990 3004
2991 3004
2992 3004
2993 3004
2994 3004
2995 3004
2996 3004
2997 3004
2998 3004
2999 3003
3000 3003
